o obj/cube_uv.obj 1.0 1.0 1.0
o obj/cube_uv.obj 0.0 0.0 0.0
o obj/cube_uv.obj 1.0 0.0 0.0
o obj/cube_uv.obj 0.2 0.2 0.2
o obj/beetle.obj 0.0 1.0 0.0
t textures/cubetex1.bmp
s shaders/simple.vs shaders/simple_color.fs
s shaders/simple.vs shaders/simple.fs
sc 0 0 0 0 0 0 1 1 1 0.0 0.0 0.0
sc 1 0 1 0 2 0 1 1 1 0.0 0.0 0.0
sc 0 0 0 0 4 0 1 1 1 0.0 0.0 0.0
sc 1 0 0 0 6 0 1 1 1 0.0 0.0 0.0
sc 0 0 0 0 8 0 1 1 1 0.0 0.0 0.0
sc 1 0 0 0 10 0 1 1 1 0.0 0.0 0.0
sc 0 0 0 0 12 0 1 1 1 0.0 0.0 0.0
sc 1 0 0 0 14 0 1 1 1 0.0 0.0 0.0
sc 0 0 0 0 16 0 1 1 1 0.0 0.0 0.0
sc 1 0 0 0 18 0 1 1 1 0.0 0.0 0.0
sc 0 0 0 0 20 0 1 1 1 0.0 0.0 0.0
sc 1 0 0 0 22 0 1 1 1 0.0 0.0 0.0
sc 0 0 0 0 24 0 1 1 1 0.0 0.0 0.0
sc 1 0 0 0 26 0 1 1 1 0.0 0.0 0.0
sc 0 0 0 0 28 0 1 1 1 0.0 0.0 0.0
sc 1 0 0 0 30 0 1 1 1 0.0 0.0 0.0
sc 0 0 0 0 32 0 1 1 1 0.0 0.0 0.0
sc 1 0 0 0 34 0 1 1 1 0.0 0.0 0.0
sc 0 0 0 0 36 0 1 1 1 0.0 0.0 0.0
sc 1 0 0 0 38 0 1 1 1 0.0 0.0 0.0
sc 0 0 0 0 40 0 1 1 1 0.0 0.0 0.0
sc 1 0 0 0 42 0 1 1 1 0.0 0.0 0.0
sc 0 0 0 0 44 0 1 1 1 0.0 0.0 0.0
sc 1 0 0 0 46 0 1 1 1 0.0 0.0 0.0
sc 0 0 0 0 48 0 1 1 1 0.0 0.0 0.0
sc 1 0 0 0 50 0 1 1 1 0.0 0.0 0.0
sc 0 0 0 0 52 0 1 1 1 0.0 0.0 0.0
sc 1 0 0 0 54 0 1 1 1 0.0 0.0 0.0
sc 0 0 0 0 56 0 1 1 1 0.0 0.0 0.0
sc 1 0 0 0 58 0 1 1 1 0.0 0.0 0.0
sc 0 0 0 0 60 0 1 1 1 0.0 0.0 0.0
sc 1 0 0 0 62 0 1 1 1 0.0 0.0 0.0
sc 1 0 0 2 0 0 1 1 1 0.0 0.0 0.0
sc 0 0 0 2 2 0 1 1 1 0.0 0.0 0.0
sc 1 0 0 2 4 0 1 1 1 0.0 0.0 0.0
sc 0 0 0 2 6 0 1 1 1 0.0 0.0 0.0
sc 1 0 0 2 8 0 1 1 1 0.0 0.0 0.0
sc 0 0 0 2 10 0 1 1 1 0.0 0.0 0.0
sc 1 0 0 2 12 0 1 1 1 0.0 0.0 0.0
sc 0 0 0 2 14 0 1 1 1 0.0 0.0 0.0
sc 1 0 0 2 16 0 1 1 1 0.0 0.0 0.0
sc 0 0 0 2 18 0 1 1 1 0.0 0.0 0.0
sc 1 0 0 2 20 0 1 1 1 0.0 0.0 0.0
sc 0 0 0 2 22 0 1 1 1 0.0 0.0 0.0
sc 1 0 0 2 24 0 1 1 1 0.0 0.0 0.0
sc 0 0 0 2 26 0 1 1 1 0.0 0.0 0.0
sc 1 0 0 2 28 0 1 1 1 0.0 0.0 0.0
sc 0 0 0 2 30 0 1 1 1 0.0 0.0 0.0
sc 1 0 0 2 32 0 1 1 1 0.0 0.0 0.0
sc 0 0 0 2 34 0 1 1 1 0.0 0.0 0.0
sc 1 0 0 2 36 0 1 1 1 0.0 0.0 0.0
sc 0 0 0 2 38 0 1 1 1 0.0 0.0 0.0
sc 1 0 0 2 40 0 1 1 1 0.0 0.0 0.0
sc 0 0 0 2 42 0 1 1 1 0.0 0.0 0.0
sc 1 0 0 2 44 0 1 1 1 0.0 0.0 0.0
sc 0 0 0 2 46 0 1 1 1 0.0 0.0 0.0
sc 1 0 0 2 48 0 1 1 1 0.0 0.0 0.0
sc 0 0 0 2 50 0 1 1 1 0.0 0.0 0.0
sc 1 0 0 2 52 0 1 1 1 0.0 0.0 0.0
sc 0 0 0 2 54 0 1 1 1 0.0 0.0 0.0
sc 1 0 0 2 56 0 1 1 1 0.0 0.0 0.0
sc 0 0 0 2 58 0 1 1 1 0.0 0.0 0.0
sc 1 0 0 2 60 0 1 1 1 0.0 0.0 0.0
sc 0 0 0 2 62 0 1 1 1 0.0 0.0 0.0
sc 0 0 0 4 0 0 1 1 1 0.0 0.0 0.0
sc 1 0 0 4 2 0 1 1 1 0.0 0.0 0.0
sc 0 0 0 4 4 0 1 1 1 0.0 0.0 0.0
sc 1 0 0 4 6 0 1 1 1 0.0 0.0 0.0
sc 0 0 0 4 8 0 1 1 1 0.0 0.0 0.0
sc 1 0 0 4 10 0 1 1 1 0.0 0.0 0.0
sc 0 0 0 4 12 0 1 1 1 0.0 0.0 0.0
sc 1 0 0 4 14 0 1 1 1 0.0 0.0 0.0
sc 0 0 0 4 16 0 1 1 1 0.0 0.0 0.0
sc 1 0 0 4 18 0 1 1 1 0.0 0.0 0.0
sc 0 0 0 4 20 0 1 1 1 0.0 0.0 0.0
sc 1 0 0 4 22 0 1 1 1 0.0 0.0 0.0
sc 0 0 0 4 24 0 1 1 1 0.0 0.0 0.0
sc 1 0 0 4 26 0 1 1 1 0.0 0.0 0.0
sc 0 0 0 4 28 0 1 1 1 0.0 0.0 0.0
sc 1 0 0 4 30 0 1 1 1 0.0 0.0 0.0
sc 0 0 0 4 32 0 1 1 1 0.0 0.0 0.0
sc 1 0 0 4 34 0 1 1 1 0.0 0.0 0.0
sc 0 0 0 4 36 0 1 1 1 0.0 0.0 0.0
sc 1 0 0 4 38 0 1 1 1 0.0 0.0 0.0
sc 0 0 0 4 40 0 1 1 1 0.0 0.0 0.0
sc 1 0 0 4 42 0 1 1 1 0.0 0.0 0.0
sc 0 0 0 4 44 0 1 1 1 0.0 0.0 0.0
sc 1 0 0 4 46 0 1 1 1 0.0 0.0 0.0
sc 0 0 0 4 48 0 1 1 1 0.0 0.0 0.0
sc 1 0 0 4 50 0 1 1 1 0.0 0.0 0.0
sc 0 0 0 4 52 0 1 1 1 0.0 0.0 0.0
sc 1 0 0 4 54 0 1 1 1 0.0 0.0 0.0
sc 0 0 0 4 56 0 1 1 1 0.0 0.0 0.0
sc 1 0 0 4 58 0 1 1 1 0.0 0.0 0.0
sc 0 0 0 4 60 0 1 1 1 0.0 0.0 0.0
sc 1 0 0 4 62 0 1 1 1 0.0 0.0 0.0
sc 1 0 0 6 0 0 1 1 1 0.0 0.0 0.0
sc 0 0 0 6 2 0 1 1 1 0.0 0.0 0.0
sc 1 0 0 6 4 0 1 1 1 0.0 0.0 0.0
sc 0 0 0 6 6 0 1 1 1 0.0 0.0 0.0
sc 1 0 0 6 8 0 1 1 1 0.0 0.0 0.0
sc 0 0 0 6 10 0 1 1 1 0.0 0.0 0.0
sc 1 0 0 6 12 0 1 1 1 0.0 0.0 0.0
sc 0 0 0 6 14 0 1 1 1 0.0 0.0 0.0
sc 1 0 0 6 16 0 1 1 1 0.0 0.0 0.0
sc 0 0 0 6 18 0 1 1 1 0.0 0.0 0.0
sc 1 0 0 6 20 0 1 1 1 0.0 0.0 0.0
sc 0 0 0 6 22 0 1 1 1 0.0 0.0 0.0
sc 1 0 0 6 24 0 1 1 1 0.0 0.0 0.0
sc 0 0 0 6 26 0 1 1 1 0.0 0.0 0.0
sc 1 0 0 6 28 0 1 1 1 0.0 0.0 0.0
sc 0 0 0 6 30 0 1 1 1 0.0 0.0 0.0
sc 1 0 0 6 32 0 1 1 1 0.0 0.0 0.0
sc 0 0 0 6 34 0 1 1 1 0.0 0.0 0.0
sc 1 0 0 6 36 0 1 1 1 0.0 0.0 0.0
sc 0 0 0 6 38 0 1 1 1 0.0 0.0 0.0
sc 1 0 0 6 40 0 1 1 1 0.0 0.0 0.0
sc 0 0 0 6 42 0 1 1 1 0.0 0.0 0.0
sc 1 0 0 6 44 0 1 1 1 0.0 0.0 0.0
sc 0 0 0 6 46 0 1 1 1 0.0 0.0 0.0
sc 1 0 0 6 48 0 1 1 1 0.0 0.0 0.0
sc 0 0 0 6 50 0 1 1 1 0.0 0.0 0.0
sc 1 0 0 6 52 0 1 1 1 0.0 0.0 0.0
sc 0 0 0 6 54 0 1 1 1 0.0 0.0 0.0
sc 1 0 0 6 56 0 1 1 1 0.0 0.0 0.0
sc 0 0 0 6 58 0 1 1 1 0.0 0.0 0.0
sc 1 0 0 6 60 0 1 1 1 0.0 0.0 0.0
sc 0 0 0 6 62 0 1 1 1 0.0 0.0 0.0
sc 0 0 0 8 0 0 1 1 1 0.0 0.0 0.0
sc 1 0 0 8 2 0 1 1 1 0.0 0.0 0.0
sc 0 0 0 8 4 0 1 1 1 0.0 0.0 0.0
sc 1 0 0 8 6 0 1 1 1 0.0 0.0 0.0
sc 0 0 0 8 8 0 1 1 1 0.0 0.0 0.0
sc 1 0 0 8 10 0 1 1 1 0.0 0.0 0.0
sc 0 0 0 8 12 0 1 1 1 0.0 0.0 0.0
sc 1 0 0 8 14 0 1 1 1 0.0 0.0 0.0
sc 0 0 0 8 16 0 1 1 1 0.0 0.0 0.0
sc 1 0 0 8 18 0 1 1 1 0.0 0.0 0.0
sc 0 0 0 8 20 0 1 1 1 0.0 0.0 0.0
sc 1 0 0 8 22 0 1 1 1 0.0 0.0 0.0
sc 0 0 0 8 24 0 1 1 1 0.0 0.0 0.0
sc 1 0 0 8 26 0 1 1 1 0.0 0.0 0.0
sc 0 0 0 8 28 0 1 1 1 0.0 0.0 0.0
sc 1 0 0 8 30 0 1 1 1 0.0 0.0 0.0
sc 0 0 0 8 32 0 1 1 1 0.0 0.0 0.0
sc 1 0 0 8 34 0 1 1 1 0.0 0.0 0.0
sc 0 0 0 8 36 0 1 1 1 0.0 0.0 0.0
sc 1 0 0 8 38 0 1 1 1 0.0 0.0 0.0
sc 0 0 0 8 40 0 1 1 1 0.0 0.0 0.0
sc 1 0 0 8 42 0 1 1 1 0.0 0.0 0.0
sc 0 0 0 8 44 0 1 1 1 0.0 0.0 0.0
sc 1 0 0 8 46 0 1 1 1 0.0 0.0 0.0
sc 0 0 0 8 48 0 1 1 1 0.0 0.0 0.0
sc 1 0 0 8 50 0 1 1 1 0.0 0.0 0.0
sc 0 0 0 8 52 0 1 1 1 0.0 0.0 0.0
sc 1 0 0 8 54 0 1 1 1 0.0 0.0 0.0
sc 0 0 0 8 56 0 1 1 1 0.0 0.0 0.0
sc 1 0 0 8 58 0 1 1 1 0.0 0.0 0.0
sc 0 0 0 8 60 0 1 1 1 0.0 0.0 0.0
sc 1 0 0 8 62 0 1 1 1 0.0 0.0 0.0
sc 1 0 0 10 0 0 1 1 1 0.0 0.0 0.0
sc 0 0 0 10 2 0 1 1 1 0.0 0.0 0.0
sc 1 0 0 10 4 0 1 1 1 0.0 0.0 0.0
sc 0 0 0 10 6 0 1 1 1 0.0 0.0 0.0
sc 1 0 0 10 8 0 1 1 1 0.0 0.0 0.0
sc 0 0 0 10 10 0 1 1 1 0.0 0.0 0.0
sc 1 0 0 10 12 0 1 1 1 0.0 0.0 0.0
sc 0 0 0 10 14 0 1 1 1 0.0 0.0 0.0
sc 1 0 0 10 16 0 1 1 1 0.0 0.0 0.0
sc 0 0 0 10 18 0 1 1 1 0.0 0.0 0.0
sc 1 0 0 10 20 0 1 1 1 0.0 0.0 0.0
sc 0 0 0 10 22 0 1 1 1 0.0 0.0 0.0
sc 1 0 0 10 24 0 1 1 1 0.0 0.0 0.0
sc 0 0 0 10 26 0 1 1 1 0.0 0.0 0.0
sc 1 0 0 10 28 0 1 1 1 0.0 0.0 0.0
sc 0 0 0 10 30 0 1 1 1 0.0 0.0 0.0
sc 1 0 0 10 32 0 1 1 1 0.0 0.0 0.0
sc 0 0 0 10 34 0 1 1 1 0.0 0.0 0.0
sc 1 0 0 10 36 0 1 1 1 0.0 0.0 0.0
sc 0 0 0 10 38 0 1 1 1 0.0 0.0 0.0
sc 1 0 0 10 40 0 1 1 1 0.0 0.0 0.0
sc 0 0 0 10 42 0 1 1 1 0.0 0.0 0.0
sc 1 0 0 10 44 0 1 1 1 0.0 0.0 0.0
sc 0 0 0 10 46 0 1 1 1 0.0 0.0 0.0
sc 1 0 0 10 48 0 1 1 1 0.0 0.0 0.0
sc 0 0 0 10 50 0 1 1 1 0.0 0.0 0.0
sc 1 0 0 10 52 0 1 1 1 0.0 0.0 0.0
sc 0 0 0 10 54 0 1 1 1 0.0 0.0 0.0
sc 1 0 0 10 56 0 1 1 1 0.0 0.0 0.0
sc 0 0 0 10 58 0 1 1 1 0.0 0.0 0.0
sc 1 0 0 10 60 0 1 1 1 0.0 0.0 0.0
sc 0 0 0 10 62 0 1 1 1 0.0 0.0 0.0
sc 0 0 0 12 0 0 1 1 1 0.0 0.0 0.0
sc 1 0 0 12 2 0 1 1 1 0.0 0.0 0.0
sc 0 0 0 12 4 0 1 1 1 0.0 0.0 0.0
sc 1 0 0 12 6 0 1 1 1 0.0 0.0 0.0
sc 0 0 0 12 8 0 1 1 1 0.0 0.0 0.0
sc 1 0 0 12 10 0 1 1 1 0.0 0.0 0.0
sc 0 0 0 12 12 0 1 1 1 0.0 0.0 0.0
sc 1 0 0 12 14 0 1 1 1 0.0 0.0 0.0
sc 0 0 0 12 16 0 1 1 1 0.0 0.0 0.0
sc 1 0 0 12 18 0 1 1 1 0.0 0.0 0.0
sc 0 0 0 12 20 0 1 1 1 0.0 0.0 0.0
sc 1 0 0 12 22 0 1 1 1 0.0 0.0 0.0
sc 0 0 0 12 24 0 1 1 1 0.0 0.0 0.0
sc 1 0 0 12 26 0 1 1 1 0.0 0.0 0.0
sc 0 0 0 12 28 0 1 1 1 0.0 0.0 0.0
sc 1 0 0 12 30 0 1 1 1 0.0 0.0 0.0
sc 0 0 0 12 32 0 1 1 1 0.0 0.0 0.0
sc 1 0 0 12 34 0 1 1 1 0.0 0.0 0.0
sc 0 0 0 12 36 0 1 1 1 0.0 0.0 0.0
sc 1 0 0 12 38 0 1 1 1 0.0 0.0 0.0
sc 0 0 0 12 40 0 1 1 1 0.0 0.0 0.0
sc 1 0 0 12 42 0 1 1 1 0.0 0.0 0.0
sc 0 0 0 12 44 0 1 1 1 0.0 0.0 0.0
sc 1 0 0 12 46 0 1 1 1 0.0 0.0 0.0
sc 0 0 0 12 48 0 1 1 1 0.0 0.0 0.0
sc 1 0 0 12 50 0 1 1 1 0.0 0.0 0.0
sc 0 0 0 12 52 0 1 1 1 0.0 0.0 0.0
sc 1 0 0 12 54 0 1 1 1 0.0 0.0 0.0
sc 0 0 0 12 56 0 1 1 1 0.0 0.0 0.0
sc 1 0 0 12 58 0 1 1 1 0.0 0.0 0.0
sc 0 0 0 12 60 0 1 1 1 0.0 0.0 0.0
sc 1 0 0 12 62 0 1 1 1 0.0 0.0 0.0
sc 1 0 0 14 0 0 1 1 1 0.0 0.0 0.0
sc 0 0 0 14 2 0 1 1 1 0.0 0.0 0.0
sc 1 0 0 14 4 0 1 1 1 0.0 0.0 0.0
sc 0 0 0 14 6 0 1 1 1 0.0 0.0 0.0
sc 1 0 0 14 8 0 1 1 1 0.0 0.0 0.0
sc 0 0 0 14 10 0 1 1 1 0.0 0.0 0.0
sc 1 0 0 14 12 0 1 1 1 0.0 0.0 0.0
sc 0 0 0 14 14 0 1 1 1 0.0 0.0 0.0
sc 1 0 0 14 16 0 1 1 1 0.0 0.0 0.0
sc 0 0 0 14 18 0 1 1 1 0.0 0.0 0.0
sc 1 0 0 14 20 0 1 1 1 0.0 0.0 0.0
sc 0 0 0 14 22 0 1 1 1 0.0 0.0 0.0
sc 1 0 0 14 24 0 1 1 1 0.0 0.0 0.0
sc 0 0 0 14 26 0 1 1 1 0.0 0.0 0.0
sc 1 0 0 14 28 0 1 1 1 0.0 0.0 0.0
sc 0 0 0 14 30 0 1 1 1 0.0 0.0 0.0
sc 1 0 0 14 32 0 1 1 1 0.0 0.0 0.0
sc 0 0 0 14 34 0 1 1 1 0.0 0.0 0.0
sc 1 0 0 14 36 0 1 1 1 0.0 0.0 0.0
sc 0 0 0 14 38 0 1 1 1 0.0 0.0 0.0
sc 1 0 0 14 40 0 1 1 1 0.0 0.0 0.0
sc 0 0 0 14 42 0 1 1 1 0.0 0.0 0.0
sc 1 0 0 14 44 0 1 1 1 0.0 0.0 0.0
sc 0 0 0 14 46 0 1 1 1 0.0 0.0 0.0
sc 1 0 0 14 48 0 1 1 1 0.0 0.0 0.0
sc 0 0 0 14 50 0 1 1 1 0.0 0.0 0.0
sc 1 0 0 14 52 0 1 1 1 0.0 0.0 0.0
sc 0 0 0 14 54 0 1 1 1 0.0 0.0 0.0
sc 1 0 0 14 56 0 1 1 1 0.0 0.0 0.0
sc 0 0 0 14 58 0 1 1 1 0.0 0.0 0.0
sc 1 0 0 14 60 0 1 1 1 0.0 0.0 0.0
sc 0 0 0 14 62 0 1 1 1 0.0 0.0 0.0
sc 0 0 0 16 0 0 1 1 1 0.0 0.0 0.0
sc 1 0 0 16 2 0 1 1 1 0.0 0.0 0.0
sc 0 0 0 16 4 0 1 1 1 0.0 0.0 0.0
sc 1 0 0 16 6 0 1 1 1 0.0 0.0 0.0
sc 0 0 0 16 8 0 1 1 1 0.0 0.0 0.0
sc 1 0 0 16 10 0 1 1 1 0.0 0.0 0.0
sc 0 0 0 16 12 0 1 1 1 0.0 0.0 0.0
sc 1 0 0 16 14 0 1 1 1 0.0 0.0 0.0
sc 0 0 0 16 16 0 1 1 1 0.0 0.0 0.0
sc 1 0 0 16 18 0 1 1 1 0.0 0.0 0.0
sc 0 0 0 16 20 0 1 1 1 0.0 0.0 0.0
sc 1 0 0 16 22 0 1 1 1 0.0 0.0 0.0
sc 0 0 0 16 24 0 1 1 1 0.0 0.0 0.0
sc 1 0 0 16 26 0 1 1 1 0.0 0.0 0.0
sc 0 0 0 16 28 0 1 1 1 0.0 0.0 0.0
sc 1 0 0 16 30 0 1 1 1 0.0 0.0 0.0
sc 0 0 0 16 32 0 1 1 1 0.0 0.0 0.0
sc 1 0 0 16 34 0 1 1 1 0.0 0.0 0.0
sc 0 0 0 16 36 0 1 1 1 0.0 0.0 0.0
sc 1 0 0 16 38 0 1 1 1 0.0 0.0 0.0
sc 0 0 0 16 40 0 1 1 1 0.0 0.0 0.0
sc 1 0 0 16 42 0 1 1 1 0.0 0.0 0.0
sc 0 0 0 16 44 0 1 1 1 0.0 0.0 0.0
sc 1 0 0 16 46 0 1 1 1 0.0 0.0 0.0
sc 0 0 0 16 48 0 1 1 1 0.0 0.0 0.0
sc 1 0 0 16 50 0 1 1 1 0.0 0.0 0.0
sc 0 0 0 16 52 0 1 1 1 0.0 0.0 0.0
sc 1 0 0 16 54 0 1 1 1 0.0 0.0 0.0
sc 0 0 0 16 56 0 1 1 1 0.0 0.0 0.0
sc 1 0 0 16 58 0 1 1 1 0.0 0.0 0.0
sc 0 0 0 16 60 0 1 1 1 0.0 0.0 0.0
sc 1 0 0 16 62 0 1 1 1 0.0 0.0 0.0
sc 1 0 0 18 0 0 1 1 1 0.0 0.0 0.0
sc 0 0 0 18 2 0 1 1 1 0.0 0.0 0.0
sc 1 0 0 18 4 0 1 1 1 0.0 0.0 0.0
sc 0 0 0 18 6 0 1 1 1 0.0 0.0 0.0
sc 1 0 0 18 8 0 1 1 1 0.0 0.0 0.0
sc 0 0 0 18 10 0 1 1 1 0.0 0.0 0.0
sc 1 0 0 18 12 0 1 1 1 0.0 0.0 0.0
sc 0 0 0 18 14 0 1 1 1 0.0 0.0 0.0
sc 1 0 0 18 16 0 1 1 1 0.0 0.0 0.0
sc 0 0 0 18 18 0 1 1 1 0.0 0.0 0.0
sc 1 0 0 18 20 0 1 1 1 0.0 0.0 0.0
sc 0 0 0 18 22 0 1 1 1 0.0 0.0 0.0
sc 1 0 0 18 24 0 1 1 1 0.0 0.0 0.0
sc 0 0 0 18 26 0 1 1 1 0.0 0.0 0.0
sc 1 0 0 18 28 0 1 1 1 0.0 0.0 0.0
sc 0 0 0 18 30 0 1 1 1 0.0 0.0 0.0
sc 1 0 0 18 32 0 1 1 1 0.0 0.0 0.0
sc 0 0 0 18 34 0 1 1 1 0.0 0.0 0.0
sc 1 0 0 18 36 0 1 1 1 0.0 0.0 0.0
sc 0 0 0 18 38 0 1 1 1 0.0 0.0 0.0
sc 1 0 0 18 40 0 1 1 1 0.0 0.0 0.0
sc 0 0 0 18 42 0 1 1 1 0.0 0.0 0.0
sc 1 0 0 18 44 0 1 1 1 0.0 0.0 0.0
sc 0 0 0 18 46 0 1 1 1 0.0 0.0 0.0
sc 1 0 0 18 48 0 1 1 1 0.0 0.0 0.0
sc 0 0 0 18 50 0 1 1 1 0.0 0.0 0.0
sc 1 0 0 18 52 0 1 1 1 0.0 0.0 0.0
sc 0 0 0 18 54 0 1 1 1 0.0 0.0 0.0
sc 1 0 0 18 56 0 1 1 1 0.0 0.0 0.0
sc 0 0 0 18 58 0 1 1 1 0.0 0.0 0.0
sc 1 0 0 18 60 0 1 1 1 0.0 0.0 0.0
sc 0 0 0 18 62 0 1 1 1 0.0 0.0 0.0
sc 0 0 0 20 0 0 1 1 1 0.0 0.0 0.0
sc 1 0 0 20 2 0 1 1 1 0.0 0.0 0.0
sc 0 0 0 20 4 0 1 1 1 0.0 0.0 0.0
sc 1 0 0 20 6 0 1 1 1 0.0 0.0 0.0
sc 0 0 0 20 8 0 1 1 1 0.0 0.0 0.0
sc 1 0 0 20 10 0 1 1 1 0.0 0.0 0.0
sc 0 0 0 20 12 0 1 1 1 0.0 0.0 0.0
sc 1 0 0 20 14 0 1 1 1 0.0 0.0 0.0
sc 0 0 0 20 16 0 1 1 1 0.0 0.0 0.0
sc 1 0 0 20 18 0 1 1 1 0.0 0.0 0.0
sc 0 0 0 20 20 0 1 1 1 0.0 0.0 0.0
sc 1 0 0 20 22 0 1 1 1 0.0 0.0 0.0
sc 0 0 0 20 24 0 1 1 1 0.0 0.0 0.0
sc 1 0 0 20 26 0 1 1 1 0.0 0.0 0.0
sc 0 0 0 20 28 0 1 1 1 0.0 0.0 0.0
sc 1 0 0 20 30 0 1 1 1 0.0 0.0 0.0
sc 0 0 0 20 32 0 1 1 1 0.0 0.0 0.0
sc 1 0 0 20 34 0 1 1 1 0.0 0.0 0.0
sc 0 0 0 20 36 0 1 1 1 0.0 0.0 0.0
sc 1 0 0 20 38 0 1 1 1 0.0 0.0 0.0
sc 0 0 0 20 40 0 1 1 1 0.0 0.0 0.0
sc 1 0 0 20 42 0 1 1 1 0.0 0.0 0.0
sc 0 0 0 20 44 0 1 1 1 0.0 0.0 0.0
sc 1 0 0 20 46 0 1 1 1 0.0 0.0 0.0
sc 0 0 0 20 48 0 1 1 1 0.0 0.0 0.0
sc 1 0 0 20 50 0 1 1 1 0.0 0.0 0.0
sc 0 0 0 20 52 0 1 1 1 0.0 0.0 0.0
sc 1 0 0 20 54 0 1 1 1 0.0 0.0 0.0
sc 0 0 0 20 56 0 1 1 1 0.0 0.0 0.0
sc 1 0 0 20 58 0 1 1 1 0.0 0.0 0.0
sc 0 0 0 20 60 0 1 1 1 0.0 0.0 0.0
sc 1 0 0 20 62 0 1 1 1 0.0 0.0 0.0
sc 1 0 0 22 0 0 1 1 1 0.0 0.0 0.0
sc 0 0 0 22 2 0 1 1 1 0.0 0.0 0.0
sc 1 0 0 22 4 0 1 1 1 0.0 0.0 0.0
sc 0 0 0 22 6 0 1 1 1 0.0 0.0 0.0
sc 1 0 0 22 8 0 1 1 1 0.0 0.0 0.0
sc 0 0 0 22 10 0 1 1 1 0.0 0.0 0.0
sc 1 0 0 22 12 0 1 1 1 0.0 0.0 0.0
sc 0 0 0 22 14 0 1 1 1 0.0 0.0 0.0
sc 1 0 0 22 16 0 1 1 1 0.0 0.0 0.0
sc 0 0 0 22 18 0 1 1 1 0.0 0.0 0.0
sc 1 0 0 22 20 0 1 1 1 0.0 0.0 0.0
sc 0 0 0 22 22 0 1 1 1 0.0 0.0 0.0
sc 1 0 0 22 24 0 1 1 1 0.0 0.0 0.0
sc 0 0 0 22 26 0 1 1 1 0.0 0.0 0.0
sc 1 0 0 22 28 0 1 1 1 0.0 0.0 0.0
sc 0 0 0 22 30 0 1 1 1 0.0 0.0 0.0
sc 1 0 0 22 32 0 1 1 1 0.0 0.0 0.0
sc 0 0 0 22 34 0 1 1 1 0.0 0.0 0.0
sc 1 0 0 22 36 0 1 1 1 0.0 0.0 0.0
sc 0 0 0 22 38 0 1 1 1 0.0 0.0 0.0
sc 1 0 0 22 40 0 1 1 1 0.0 0.0 0.0
sc 0 0 0 22 42 0 1 1 1 0.0 0.0 0.0
sc 1 0 0 22 44 0 1 1 1 0.0 0.0 0.0
sc 0 0 0 22 46 0 1 1 1 0.0 0.0 0.0
sc 1 0 0 22 48 0 1 1 1 0.0 0.0 0.0
sc 0 0 0 22 50 0 1 1 1 0.0 0.0 0.0
sc 1 0 0 22 52 0 1 1 1 0.0 0.0 0.0
sc 0 0 0 22 54 0 1 1 1 0.0 0.0 0.0
sc 1 0 0 22 56 0 1 1 1 0.0 0.0 0.0
sc 0 0 0 22 58 0 1 1 1 0.0 0.0 0.0
sc 1 0 0 22 60 0 1 1 1 0.0 0.0 0.0
sc 0 0 0 22 62 0 1 1 1 0.0 0.0 0.0
sc 0 0 0 24 0 0 1 1 1 0.0 0.0 0.0
sc 1 0 0 24 2 0 1 1 1 0.0 0.0 0.0
sc 0 0 0 24 4 0 1 1 1 0.0 0.0 0.0
sc 1 0 0 24 6 0 1 1 1 0.0 0.0 0.0
sc 0 0 0 24 8 0 1 1 1 0.0 0.0 0.0
sc 1 0 0 24 10 0 1 1 1 0.0 0.0 0.0
sc 0 0 0 24 12 0 1 1 1 0.0 0.0 0.0
sc 1 0 0 24 14 0 1 1 1 0.0 0.0 0.0
sc 0 0 0 24 16 0 1 1 1 0.0 0.0 0.0
sc 1 0 0 24 18 0 1 1 1 0.0 0.0 0.0
sc 0 0 0 24 20 0 1 1 1 0.0 0.0 0.0
sc 1 0 0 24 22 0 1 1 1 0.0 0.0 0.0
sc 0 0 0 24 24 0 1 1 1 0.0 0.0 0.0
sc 1 0 0 24 26 0 1 1 1 0.0 0.0 0.0
sc 0 0 0 24 28 0 1 1 1 0.0 0.0 0.0
sc 1 0 0 24 30 0 1 1 1 0.0 0.0 0.0
sc 0 0 0 24 32 0 1 1 1 0.0 0.0 0.0
sc 1 0 0 24 34 0 1 1 1 0.0 0.0 0.0
sc 0 0 0 24 36 0 1 1 1 0.0 0.0 0.0
sc 1 0 0 24 38 0 1 1 1 0.0 0.0 0.0
sc 0 0 0 24 40 0 1 1 1 0.0 0.0 0.0
sc 1 0 0 24 42 0 1 1 1 0.0 0.0 0.0
sc 0 0 0 24 44 0 1 1 1 0.0 0.0 0.0
sc 1 0 0 24 46 0 1 1 1 0.0 0.0 0.0
sc 0 0 0 24 48 0 1 1 1 0.0 0.0 0.0
sc 1 0 0 24 50 0 1 1 1 0.0 0.0 0.0
sc 0 0 0 24 52 0 1 1 1 0.0 0.0 0.0
sc 1 0 0 24 54 0 1 1 1 0.0 0.0 0.0
sc 0 0 0 24 56 0 1 1 1 0.0 0.0 0.0
sc 1 0 0 24 58 0 1 1 1 0.0 0.0 0.0
sc 0 0 0 24 60 0 1 1 1 0.0 0.0 0.0
sc 1 0 0 24 62 0 1 1 1 0.0 0.0 0.0
sc 1 0 0 26 0 0 1 1 1 0.0 0.0 0.0
sc 0 0 0 26 2 0 1 1 1 0.0 0.0 0.0
sc 1 0 0 26 4 0 1 1 1 0.0 0.0 0.0
sc 0 0 0 26 6 0 1 1 1 0.0 0.0 0.0
sc 1 0 0 26 8 0 1 1 1 0.0 0.0 0.0
sc 0 0 0 26 10 0 1 1 1 0.0 0.0 0.0
sc 1 0 0 26 12 0 1 1 1 0.0 0.0 0.0
sc 0 0 0 26 14 0 1 1 1 0.0 0.0 0.0
sc 1 0 0 26 16 0 1 1 1 0.0 0.0 0.0
sc 0 0 0 26 18 0 1 1 1 0.0 0.0 0.0
sc 1 0 0 26 20 0 1 1 1 0.0 0.0 0.0
sc 0 0 0 26 22 0 1 1 1 0.0 0.0 0.0
sc 1 0 0 26 24 0 1 1 1 0.0 0.0 0.0
sc 0 0 0 26 26 0 1 1 1 0.0 0.0 0.0
sc 1 0 0 26 28 0 1 1 1 0.0 0.0 0.0
sc 0 0 0 26 30 0 1 1 1 0.0 0.0 0.0
sc 1 0 0 26 32 0 1 1 1 0.0 0.0 0.0
sc 0 0 0 26 34 0 1 1 1 0.0 0.0 0.0
sc 1 0 0 26 36 0 1 1 1 0.0 0.0 0.0
sc 0 0 0 26 38 0 1 1 1 0.0 0.0 0.0
sc 1 0 0 26 40 0 1 1 1 0.0 0.0 0.0
sc 0 0 0 26 42 0 1 1 1 0.0 0.0 0.0
sc 1 0 0 26 44 0 1 1 1 0.0 0.0 0.0
sc 0 0 0 26 46 0 1 1 1 0.0 0.0 0.0
sc 1 0 0 26 48 0 1 1 1 0.0 0.0 0.0
sc 0 0 0 26 50 0 1 1 1 0.0 0.0 0.0
sc 1 0 0 26 52 0 1 1 1 0.0 0.0 0.0
sc 0 0 0 26 54 0 1 1 1 0.0 0.0 0.0
sc 1 0 0 26 56 0 1 1 1 0.0 0.0 0.0
sc 0 0 0 26 58 0 1 1 1 0.0 0.0 0.0
sc 1 0 0 26 60 0 1 1 1 0.0 0.0 0.0
sc 0 0 0 26 62 0 1 1 1 0.0 0.0 0.0
sc 0 0 0 28 0 0 1 1 1 0.0 0.0 0.0
sc 1 0 0 28 2 0 1 1 1 0.0 0.0 0.0
sc 0 0 0 28 4 0 1 1 1 0.0 0.0 0.0
sc 1 0 0 28 6 0 1 1 1 0.0 0.0 0.0
sc 0 0 0 28 8 0 1 1 1 0.0 0.0 0.0
sc 1 0 0 28 10 0 1 1 1 0.0 0.0 0.0
sc 0 0 0 28 12 0 1 1 1 0.0 0.0 0.0
sc 1 0 0 28 14 0 1 1 1 0.0 0.0 0.0
sc 0 0 0 28 16 0 1 1 1 0.0 0.0 0.0
sc 1 0 0 28 18 0 1 1 1 0.0 0.0 0.0
sc 0 0 0 28 20 0 1 1 1 0.0 0.0 0.0
sc 1 0 0 28 22 0 1 1 1 0.0 0.0 0.0
sc 0 0 0 28 24 0 1 1 1 0.0 0.0 0.0
sc 1 0 0 28 26 0 1 1 1 0.0 0.0 0.0
sc 0 0 0 28 28 0 1 1 1 0.0 0.0 0.0
sc 1 0 0 28 30 0 1 1 1 0.0 0.0 0.0
sc 0 0 0 28 32 0 1 1 1 0.0 0.0 0.0
sc 1 0 0 28 34 0 1 1 1 0.0 0.0 0.0
sc 0 0 0 28 36 0 1 1 1 0.0 0.0 0.0
sc 1 0 0 28 38 0 1 1 1 0.0 0.0 0.0
sc 0 0 0 28 40 0 1 1 1 0.0 0.0 0.0
sc 1 0 0 28 42 0 1 1 1 0.0 0.0 0.0
sc 0 0 0 28 44 0 1 1 1 0.0 0.0 0.0
sc 1 0 0 28 46 0 1 1 1 0.0 0.0 0.0
sc 0 0 0 28 48 0 1 1 1 0.0 0.0 0.0
sc 1 0 0 28 50 0 1 1 1 0.0 0.0 0.0
sc 0 0 0 28 52 0 1 1 1 0.0 0.0 0.0
sc 1 0 0 28 54 0 1 1 1 0.0 0.0 0.0
sc 0 0 0 28 56 0 1 1 1 0.0 0.0 0.0
sc 1 0 0 28 58 0 1 1 1 0.0 0.0 0.0
sc 0 0 0 28 60 0 1 1 1 0.0 0.0 0.0
sc 1 0 0 28 62 0 1 1 1 0.0 0.0 0.0
sc 1 0 0 30 0 0 1 1 1 0.0 0.0 0.0
sc 0 0 0 30 2 0 1 1 1 0.0 0.0 0.0
sc 1 0 0 30 4 0 1 1 1 0.0 0.0 0.0
sc 0 0 0 30 6 0 1 1 1 0.0 0.0 0.0
sc 1 0 0 30 8 0 1 1 1 0.0 0.0 0.0
sc 0 0 0 30 10 0 1 1 1 0.0 0.0 0.0
sc 1 0 0 30 12 0 1 1 1 0.0 0.0 0.0
sc 0 0 0 30 14 0 1 1 1 0.0 0.0 0.0
sc 1 0 0 30 16 0 1 1 1 0.0 0.0 0.0
sc 0 0 0 30 18 0 1 1 1 0.0 0.0 0.0
sc 1 0 0 30 20 0 1 1 1 0.0 0.0 0.0
sc 0 0 0 30 22 0 1 1 1 0.0 0.0 0.0
sc 1 0 0 30 24 0 1 1 1 0.0 0.0 0.0
sc 0 0 0 30 26 0 1 1 1 0.0 0.0 0.0
sc 1 0 0 30 28 0 1 1 1 0.0 0.0 0.0
sc 0 0 0 30 30 0 1 1 1 0.0 0.0 0.0
sc 1 0 0 30 32 0 1 1 1 0.0 0.0 0.0
sc 0 0 0 30 34 0 1 1 1 0.0 0.0 0.0
sc 1 0 0 30 36 0 1 1 1 0.0 0.0 0.0
sc 0 0 0 30 38 0 1 1 1 0.0 0.0 0.0
sc 1 0 0 30 40 0 1 1 1 0.0 0.0 0.0
sc 0 0 0 30 42 0 1 1 1 0.0 0.0 0.0
sc 1 0 0 30 44 0 1 1 1 0.0 0.0 0.0
sc 0 0 0 30 46 0 1 1 1 0.0 0.0 0.0
sc 1 0 0 30 48 0 1 1 1 0.0 0.0 0.0
sc 0 0 0 30 50 0 1 1 1 0.0 0.0 0.0
sc 1 0 0 30 52 0 1 1 1 0.0 0.0 0.0
sc 0 0 0 30 54 0 1 1 1 0.0 0.0 0.0
sc 1 0 0 30 56 0 1 1 1 0.0 0.0 0.0
sc 0 0 0 30 58 0 1 1 1 0.0 0.0 0.0
sc 1 0 0 30 60 0 1 1 1 0.0 0.0 0.0
sc 0 0 0 30 62 0 1 1 1 0.0 0.0 0.0
sc 0 0 0 32 0 0 1 1 1 0.0 0.0 0.0
sc 1 0 0 32 2 0 1 1 1 0.0 0.0 0.0
sc 0 0 0 32 4 0 1 1 1 0.0 0.0 0.0
sc 1 0 0 32 6 0 1 1 1 0.0 0.0 0.0
sc 0 0 0 32 8 0 1 1 1 0.0 0.0 0.0
sc 1 0 0 32 10 0 1 1 1 0.0 0.0 0.0
sc 0 0 0 32 12 0 1 1 1 0.0 0.0 0.0
sc 1 0 0 32 14 0 1 1 1 0.0 0.0 0.0
sc 0 0 0 32 16 0 1 1 1 0.0 0.0 0.0
sc 1 0 0 32 18 0 1 1 1 0.0 0.0 0.0
sc 0 0 0 32 20 0 1 1 1 0.0 0.0 0.0
sc 1 0 0 32 22 0 1 1 1 0.0 0.0 0.0
sc 0 0 0 32 24 0 1 1 1 0.0 0.0 0.0
sc 1 0 0 32 26 0 1 1 1 0.0 0.0 0.0
sc 0 0 0 32 28 0 1 1 1 0.0 0.0 0.0
sc 1 0 0 32 30 0 1 1 1 0.0 0.0 0.0
sc 0 0 0 32 32 0 1 1 1 0.0 0.0 0.0
sc 1 0 0 32 34 0 1 1 1 0.0 0.0 0.0
sc 0 0 0 32 36 0 1 1 1 0.0 0.0 0.0
sc 1 0 0 32 38 0 1 1 1 0.0 0.0 0.0
sc 0 0 0 32 40 0 1 1 1 0.0 0.0 0.0
sc 1 0 0 32 42 0 1 1 1 0.0 0.0 0.0
sc 0 0 0 32 44 0 1 1 1 0.0 0.0 0.0
sc 1 0 0 32 46 0 1 1 1 0.0 0.0 0.0
sc 0 0 0 32 48 0 1 1 1 0.0 0.0 0.0
sc 1 0 0 32 50 0 1 1 1 0.0 0.0 0.0
sc 0 0 0 32 52 0 1 1 1 0.0 0.0 0.0
sc 1 0 0 32 54 0 1 1 1 0.0 0.0 0.0
sc 0 0 0 32 56 0 1 1 1 0.0 0.0 0.0
sc 1 0 0 32 58 0 1 1 1 0.0 0.0 0.0
sc 0 0 0 32 60 0 1 1 1 0.0 0.0 0.0
sc 1 0 0 32 62 0 1 1 1 0.0 0.0 0.0
sc 1 0 0 34 0 0 1 1 1 0.0 0.0 0.0
sc 0 0 0 34 2 0 1 1 1 0.0 0.0 0.0
sc 1 0 0 34 4 0 1 1 1 0.0 0.0 0.0
sc 0 0 0 34 6 0 1 1 1 0.0 0.0 0.0
sc 1 0 0 34 8 0 1 1 1 0.0 0.0 0.0
sc 0 0 0 34 10 0 1 1 1 0.0 0.0 0.0
sc 1 0 0 34 12 0 1 1 1 0.0 0.0 0.0
sc 0 0 0 34 14 0 1 1 1 0.0 0.0 0.0
sc 1 0 0 34 16 0 1 1 1 0.0 0.0 0.0
sc 0 0 0 34 18 0 1 1 1 0.0 0.0 0.0
sc 1 0 0 34 20 0 1 1 1 0.0 0.0 0.0
sc 0 0 0 34 22 0 1 1 1 0.0 0.0 0.0
sc 1 0 0 34 24 0 1 1 1 0.0 0.0 0.0
sc 0 0 0 34 26 0 1 1 1 0.0 0.0 0.0
sc 1 0 0 34 28 0 1 1 1 0.0 0.0 0.0
sc 0 0 0 34 30 0 1 1 1 0.0 0.0 0.0
sc 1 0 0 34 32 0 1 1 1 0.0 0.0 0.0
sc 0 0 0 34 34 0 1 1 1 0.0 0.0 0.0
sc 1 0 0 34 36 0 1 1 1 0.0 0.0 0.0
sc 0 0 0 34 38 0 1 1 1 0.0 0.0 0.0
sc 1 0 0 34 40 0 1 1 1 0.0 0.0 0.0
sc 0 0 0 34 42 0 1 1 1 0.0 0.0 0.0
sc 1 0 0 34 44 0 1 1 1 0.0 0.0 0.0
sc 0 0 0 34 46 0 1 1 1 0.0 0.0 0.0
sc 1 0 0 34 48 0 1 1 1 0.0 0.0 0.0
sc 0 0 0 34 50 0 1 1 1 0.0 0.0 0.0
sc 1 0 0 34 52 0 1 1 1 0.0 0.0 0.0
sc 0 0 0 34 54 0 1 1 1 0.0 0.0 0.0
sc 1 0 0 34 56 0 1 1 1 0.0 0.0 0.0
sc 0 0 0 34 58 0 1 1 1 0.0 0.0 0.0
sc 1 0 0 34 60 0 1 1 1 0.0 0.0 0.0
sc 0 0 0 34 62 0 1 1 1 0.0 0.0 0.0
sc 0 0 0 36 0 0 1 1 1 0.0 0.0 0.0
sc 1 0 0 36 2 0 1 1 1 0.0 0.0 0.0
sc 0 0 0 36 4 0 1 1 1 0.0 0.0 0.0
sc 1 0 0 36 6 0 1 1 1 0.0 0.0 0.0
sc 0 0 0 36 8 0 1 1 1 0.0 0.0 0.0
sc 1 0 0 36 10 0 1 1 1 0.0 0.0 0.0
sc 0 0 0 36 12 0 1 1 1 0.0 0.0 0.0
sc 1 0 0 36 14 0 1 1 1 0.0 0.0 0.0
sc 0 0 0 36 16 0 1 1 1 0.0 0.0 0.0
sc 1 0 0 36 18 0 1 1 1 0.0 0.0 0.0
sc 0 0 0 36 20 0 1 1 1 0.0 0.0 0.0
sc 1 0 0 36 22 0 1 1 1 0.0 0.0 0.0
sc 0 0 0 36 24 0 1 1 1 0.0 0.0 0.0
sc 1 0 0 36 26 0 1 1 1 0.0 0.0 0.0
sc 0 0 0 36 28 0 1 1 1 0.0 0.0 0.0
sc 1 0 0 36 30 0 1 1 1 0.0 0.0 0.0
sc 0 0 0 36 32 0 1 1 1 0.0 0.0 0.0
sc 1 0 0 36 34 0 1 1 1 0.0 0.0 0.0
sc 0 0 0 36 36 0 1 1 1 0.0 0.0 0.0
sc 1 0 0 36 38 0 1 1 1 0.0 0.0 0.0
sc 0 0 0 36 40 0 1 1 1 0.0 0.0 0.0
sc 1 0 0 36 42 0 1 1 1 0.0 0.0 0.0
sc 0 0 0 36 44 0 1 1 1 0.0 0.0 0.0
sc 1 0 0 36 46 0 1 1 1 0.0 0.0 0.0
sc 0 0 0 36 48 0 1 1 1 0.0 0.0 0.0
sc 1 0 0 36 50 0 1 1 1 0.0 0.0 0.0
sc 0 0 0 36 52 0 1 1 1 0.0 0.0 0.0
sc 1 0 0 36 54 0 1 1 1 0.0 0.0 0.0
sc 0 0 0 36 56 0 1 1 1 0.0 0.0 0.0
sc 1 0 0 36 58 0 1 1 1 0.0 0.0 0.0
sc 0 0 0 36 60 0 1 1 1 0.0 0.0 0.0
sc 1 0 0 36 62 0 1 1 1 0.0 0.0 0.0
sc 1 0 0 38 0 0 1 1 1 0.0 0.0 0.0
sc 0 0 0 38 2 0 1 1 1 0.0 0.0 0.0
sc 1 0 0 38 4 0 1 1 1 0.0 0.0 0.0
sc 0 0 0 38 6 0 1 1 1 0.0 0.0 0.0
sc 1 0 0 38 8 0 1 1 1 0.0 0.0 0.0
sc 0 0 0 38 10 0 1 1 1 0.0 0.0 0.0
sc 1 0 0 38 12 0 1 1 1 0.0 0.0 0.0
sc 0 0 0 38 14 0 1 1 1 0.0 0.0 0.0
sc 1 0 0 38 16 0 1 1 1 0.0 0.0 0.0
sc 0 0 0 38 18 0 1 1 1 0.0 0.0 0.0
sc 1 0 0 38 20 0 1 1 1 0.0 0.0 0.0
sc 0 0 0 38 22 0 1 1 1 0.0 0.0 0.0
sc 1 0 0 38 24 0 1 1 1 0.0 0.0 0.0
sc 0 0 0 38 26 0 1 1 1 0.0 0.0 0.0
sc 1 0 0 38 28 0 1 1 1 0.0 0.0 0.0
sc 0 0 0 38 30 0 1 1 1 0.0 0.0 0.0
sc 1 0 0 38 32 0 1 1 1 0.0 0.0 0.0
sc 0 0 0 38 34 0 1 1 1 0.0 0.0 0.0
sc 1 0 0 38 36 0 1 1 1 0.0 0.0 0.0
sc 0 0 0 38 38 0 1 1 1 0.0 0.0 0.0
sc 1 0 0 38 40 0 1 1 1 0.0 0.0 0.0
sc 0 0 0 38 42 0 1 1 1 0.0 0.0 0.0
sc 1 0 0 38 44 0 1 1 1 0.0 0.0 0.0
sc 0 0 0 38 46 0 1 1 1 0.0 0.0 0.0
sc 1 0 0 38 48 0 1 1 1 0.0 0.0 0.0
sc 0 0 0 38 50 0 1 1 1 0.0 0.0 0.0
sc 1 0 0 38 52 0 1 1 1 0.0 0.0 0.0
sc 0 0 0 38 54 0 1 1 1 0.0 0.0 0.0
sc 1 0 0 38 56 0 1 1 1 0.0 0.0 0.0
sc 0 0 0 38 58 0 1 1 1 0.0 0.0 0.0
sc 1 0 0 38 60 0 1 1 1 0.0 0.0 0.0
sc 0 0 0 38 62 0 1 1 1 0.0 0.0 0.0
sc 0 0 0 40 0 0 1 1 1 0.0 0.0 0.0
sc 1 0 0 40 2 0 1 1 1 0.0 0.0 0.0
sc 0 0 0 40 4 0 1 1 1 0.0 0.0 0.0
sc 1 0 0 40 6 0 1 1 1 0.0 0.0 0.0
sc 0 0 0 40 8 0 1 1 1 0.0 0.0 0.0
sc 1 0 0 40 10 0 1 1 1 0.0 0.0 0.0
sc 0 0 0 40 12 0 1 1 1 0.0 0.0 0.0
sc 1 0 0 40 14 0 1 1 1 0.0 0.0 0.0
sc 0 0 0 40 16 0 1 1 1 0.0 0.0 0.0
sc 1 0 0 40 18 0 1 1 1 0.0 0.0 0.0
sc 0 0 0 40 20 0 1 1 1 0.0 0.0 0.0
sc 1 0 0 40 22 0 1 1 1 0.0 0.0 0.0
sc 0 0 0 40 24 0 1 1 1 0.0 0.0 0.0
sc 1 0 0 40 26 0 1 1 1 0.0 0.0 0.0
sc 0 0 0 40 28 0 1 1 1 0.0 0.0 0.0
sc 1 0 0 40 30 0 1 1 1 0.0 0.0 0.0
sc 0 0 0 40 32 0 1 1 1 0.0 0.0 0.0
sc 1 0 0 40 34 0 1 1 1 0.0 0.0 0.0
sc 0 0 0 40 36 0 1 1 1 0.0 0.0 0.0
sc 1 0 0 40 38 0 1 1 1 0.0 0.0 0.0
sc 0 0 0 40 40 0 1 1 1 0.0 0.0 0.0
sc 1 0 0 40 42 0 1 1 1 0.0 0.0 0.0
sc 0 0 0 40 44 0 1 1 1 0.0 0.0 0.0
sc 1 0 0 40 46 0 1 1 1 0.0 0.0 0.0
sc 0 0 0 40 48 0 1 1 1 0.0 0.0 0.0
sc 1 0 0 40 50 0 1 1 1 0.0 0.0 0.0
sc 0 0 0 40 52 0 1 1 1 0.0 0.0 0.0
sc 1 0 0 40 54 0 1 1 1 0.0 0.0 0.0
sc 0 0 0 40 56 0 1 1 1 0.0 0.0 0.0
sc 1 0 0 40 58 0 1 1 1 0.0 0.0 0.0
sc 0 0 0 40 60 0 1 1 1 0.0 0.0 0.0
sc 1 0 0 40 62 0 1 1 1 0.0 0.0 0.0
sc 1 0 0 42 0 0 1 1 1 0.0 0.0 0.0
sc 0 0 0 42 2 0 1 1 1 0.0 0.0 0.0
sc 1 0 0 42 4 0 1 1 1 0.0 0.0 0.0
sc 0 0 0 42 6 0 1 1 1 0.0 0.0 0.0
sc 1 0 0 42 8 0 1 1 1 0.0 0.0 0.0
sc 0 0 0 42 10 0 1 1 1 0.0 0.0 0.0
sc 1 0 0 42 12 0 1 1 1 0.0 0.0 0.0
sc 0 0 0 42 14 0 1 1 1 0.0 0.0 0.0
sc 1 0 0 42 16 0 1 1 1 0.0 0.0 0.0
sc 0 0 0 42 18 0 1 1 1 0.0 0.0 0.0
sc 1 0 0 42 20 0 1 1 1 0.0 0.0 0.0
sc 0 0 0 42 22 0 1 1 1 0.0 0.0 0.0
sc 1 0 0 42 24 0 1 1 1 0.0 0.0 0.0
sc 0 0 0 42 26 0 1 1 1 0.0 0.0 0.0
sc 1 0 0 42 28 0 1 1 1 0.0 0.0 0.0
sc 0 0 0 42 30 0 1 1 1 0.0 0.0 0.0
sc 1 0 0 42 32 0 1 1 1 0.0 0.0 0.0
sc 0 0 0 42 34 0 1 1 1 0.0 0.0 0.0
sc 1 0 0 42 36 0 1 1 1 0.0 0.0 0.0
sc 0 0 0 42 38 0 1 1 1 0.0 0.0 0.0
sc 1 0 0 42 40 0 1 1 1 0.0 0.0 0.0
sc 0 0 0 42 42 0 1 1 1 0.0 0.0 0.0
sc 1 0 0 42 44 0 1 1 1 0.0 0.0 0.0
sc 0 0 0 42 46 0 1 1 1 0.0 0.0 0.0
sc 1 0 0 42 48 0 1 1 1 0.0 0.0 0.0
sc 0 0 0 42 50 0 1 1 1 0.0 0.0 0.0
sc 1 0 0 42 52 0 1 1 1 0.0 0.0 0.0
sc 0 0 0 42 54 0 1 1 1 0.0 0.0 0.0
sc 1 0 0 42 56 0 1 1 1 0.0 0.0 0.0
sc 0 0 0 42 58 0 1 1 1 0.0 0.0 0.0
sc 1 0 0 42 60 0 1 1 1 0.0 0.0 0.0
sc 0 0 0 42 62 0 1 1 1 0.0 0.0 0.0
sc 0 0 0 44 0 0 1 1 1 0.0 0.0 0.0
sc 1 0 0 44 2 0 1 1 1 0.0 0.0 0.0
sc 0 0 0 44 4 0 1 1 1 0.0 0.0 0.0
sc 1 0 0 44 6 0 1 1 1 0.0 0.0 0.0
sc 0 0 0 44 8 0 1 1 1 0.0 0.0 0.0
sc 1 0 0 44 10 0 1 1 1 0.0 0.0 0.0
sc 0 0 0 44 12 0 1 1 1 0.0 0.0 0.0
sc 1 0 0 44 14 0 1 1 1 0.0 0.0 0.0
sc 0 0 0 44 16 0 1 1 1 0.0 0.0 0.0
sc 1 0 0 44 18 0 1 1 1 0.0 0.0 0.0
sc 0 0 0 44 20 0 1 1 1 0.0 0.0 0.0
sc 1 0 0 44 22 0 1 1 1 0.0 0.0 0.0
sc 0 0 0 44 24 0 1 1 1 0.0 0.0 0.0
sc 1 0 0 44 26 0 1 1 1 0.0 0.0 0.0
sc 0 0 0 44 28 0 1 1 1 0.0 0.0 0.0
sc 1 0 0 44 30 0 1 1 1 0.0 0.0 0.0
sc 0 0 0 44 32 0 1 1 1 0.0 0.0 0.0
sc 1 0 0 44 34 0 1 1 1 0.0 0.0 0.0
sc 0 0 0 44 36 0 1 1 1 0.0 0.0 0.0
sc 1 0 0 44 38 0 1 1 1 0.0 0.0 0.0
sc 0 0 0 44 40 0 1 1 1 0.0 0.0 0.0
sc 1 0 0 44 42 0 1 1 1 0.0 0.0 0.0
sc 0 0 0 44 44 0 1 1 1 0.0 0.0 0.0
sc 1 0 0 44 46 0 1 1 1 0.0 0.0 0.0
sc 0 0 0 44 48 0 1 1 1 0.0 0.0 0.0
sc 1 0 0 44 50 0 1 1 1 0.0 0.0 0.0
sc 0 0 0 44 52 0 1 1 1 0.0 0.0 0.0
sc 1 0 0 44 54 0 1 1 1 0.0 0.0 0.0
sc 0 0 0 44 56 0 1 1 1 0.0 0.0 0.0
sc 1 0 0 44 58 0 1 1 1 0.0 0.0 0.0
sc 0 0 0 44 60 0 1 1 1 0.0 0.0 0.0
sc 1 0 0 44 62 0 1 1 1 0.0 0.0 0.0
sc 1 0 0 46 0 0 1 1 1 0.0 0.0 0.0
sc 0 0 0 46 2 0 1 1 1 0.0 0.0 0.0
sc 1 0 0 46 4 0 1 1 1 0.0 0.0 0.0
sc 0 0 0 46 6 0 1 1 1 0.0 0.0 0.0
sc 1 0 0 46 8 0 1 1 1 0.0 0.0 0.0
sc 0 0 0 46 10 0 1 1 1 0.0 0.0 0.0
sc 1 0 0 46 12 0 1 1 1 0.0 0.0 0.0
sc 0 0 0 46 14 0 1 1 1 0.0 0.0 0.0
sc 1 0 0 46 16 0 1 1 1 0.0 0.0 0.0
sc 0 0 0 46 18 0 1 1 1 0.0 0.0 0.0
sc 1 0 0 46 20 0 1 1 1 0.0 0.0 0.0
sc 0 0 0 46 22 0 1 1 1 0.0 0.0 0.0
sc 1 0 0 46 24 0 1 1 1 0.0 0.0 0.0
sc 0 0 0 46 26 0 1 1 1 0.0 0.0 0.0
sc 1 0 0 46 28 0 1 1 1 0.0 0.0 0.0
sc 0 0 0 46 30 0 1 1 1 0.0 0.0 0.0
sc 1 0 0 46 32 0 1 1 1 0.0 0.0 0.0
sc 0 0 0 46 34 0 1 1 1 0.0 0.0 0.0
sc 1 0 0 46 36 0 1 1 1 0.0 0.0 0.0
sc 0 0 0 46 38 0 1 1 1 0.0 0.0 0.0
sc 1 0 0 46 40 0 1 1 1 0.0 0.0 0.0
sc 0 0 0 46 42 0 1 1 1 0.0 0.0 0.0
sc 1 0 0 46 44 0 1 1 1 0.0 0.0 0.0
sc 0 0 0 46 46 0 1 1 1 0.0 0.0 0.0
sc 1 0 0 46 48 0 1 1 1 0.0 0.0 0.0
sc 0 0 0 46 50 0 1 1 1 0.0 0.0 0.0
sc 1 0 0 46 52 0 1 1 1 0.0 0.0 0.0
sc 0 0 0 46 54 0 1 1 1 0.0 0.0 0.0
sc 1 0 0 46 56 0 1 1 1 0.0 0.0 0.0
sc 0 0 0 46 58 0 1 1 1 0.0 0.0 0.0
sc 1 0 0 46 60 0 1 1 1 0.0 0.0 0.0
sc 0 0 0 46 62 0 1 1 1 0.0 0.0 0.0
sc 0 0 0 48 0 0 1 1 1 0.0 0.0 0.0
sc 1 0 0 48 2 0 1 1 1 0.0 0.0 0.0
sc 0 0 0 48 4 0 1 1 1 0.0 0.0 0.0
sc 1 0 0 48 6 0 1 1 1 0.0 0.0 0.0
sc 0 0 0 48 8 0 1 1 1 0.0 0.0 0.0
sc 1 0 0 48 10 0 1 1 1 0.0 0.0 0.0
sc 0 0 0 48 12 0 1 1 1 0.0 0.0 0.0
sc 1 0 0 48 14 0 1 1 1 0.0 0.0 0.0
sc 0 0 0 48 16 0 1 1 1 0.0 0.0 0.0
sc 1 0 0 48 18 0 1 1 1 0.0 0.0 0.0
sc 0 0 0 48 20 0 1 1 1 0.0 0.0 0.0
sc 1 0 0 48 22 0 1 1 1 0.0 0.0 0.0
sc 0 0 0 48 24 0 1 1 1 0.0 0.0 0.0
sc 1 0 0 48 26 0 1 1 1 0.0 0.0 0.0
sc 0 0 0 48 28 0 1 1 1 0.0 0.0 0.0
sc 1 0 0 48 30 0 1 1 1 0.0 0.0 0.0
sc 0 0 0 48 32 0 1 1 1 0.0 0.0 0.0
sc 1 0 0 48 34 0 1 1 1 0.0 0.0 0.0
sc 0 0 0 48 36 0 1 1 1 0.0 0.0 0.0
sc 1 0 0 48 38 0 1 1 1 0.0 0.0 0.0
sc 0 0 0 48 40 0 1 1 1 0.0 0.0 0.0
sc 1 0 0 48 42 0 1 1 1 0.0 0.0 0.0
sc 0 0 0 48 44 0 1 1 1 0.0 0.0 0.0
sc 1 0 0 48 46 0 1 1 1 0.0 0.0 0.0
sc 0 0 0 48 48 0 1 1 1 0.0 0.0 0.0
sc 1 0 0 48 50 0 1 1 1 0.0 0.0 0.0
sc 0 0 0 48 52 0 1 1 1 0.0 0.0 0.0
sc 1 0 0 48 54 0 1 1 1 0.0 0.0 0.0
sc 0 0 0 48 56 0 1 1 1 0.0 0.0 0.0
sc 1 0 0 48 58 0 1 1 1 0.0 0.0 0.0
sc 0 0 0 48 60 0 1 1 1 0.0 0.0 0.0
sc 1 0 0 48 62 0 1 1 1 0.0 0.0 0.0
sc 1 0 0 50 0 0 1 1 1 0.0 0.0 0.0
sc 0 0 0 50 2 0 1 1 1 0.0 0.0 0.0
sc 1 0 0 50 4 0 1 1 1 0.0 0.0 0.0
sc 0 0 0 50 6 0 1 1 1 0.0 0.0 0.0
sc 1 0 0 50 8 0 1 1 1 0.0 0.0 0.0
sc 0 0 0 50 10 0 1 1 1 0.0 0.0 0.0
sc 1 0 0 50 12 0 1 1 1 0.0 0.0 0.0
sc 0 0 0 50 14 0 1 1 1 0.0 0.0 0.0
sc 1 0 0 50 16 0 1 1 1 0.0 0.0 0.0
sc 0 0 0 50 18 0 1 1 1 0.0 0.0 0.0
sc 1 0 0 50 20 0 1 1 1 0.0 0.0 0.0
sc 0 0 0 50 22 0 1 1 1 0.0 0.0 0.0
sc 1 0 0 50 24 0 1 1 1 0.0 0.0 0.0
sc 0 0 0 50 26 0 1 1 1 0.0 0.0 0.0
sc 1 0 0 50 28 0 1 1 1 0.0 0.0 0.0
sc 0 0 0 50 30 0 1 1 1 0.0 0.0 0.0
sc 1 0 0 50 32 0 1 1 1 0.0 0.0 0.0
sc 0 0 0 50 34 0 1 1 1 0.0 0.0 0.0
sc 1 0 0 50 36 0 1 1 1 0.0 0.0 0.0
sc 0 0 0 50 38 0 1 1 1 0.0 0.0 0.0
sc 1 0 0 50 40 0 1 1 1 0.0 0.0 0.0
sc 0 0 0 50 42 0 1 1 1 0.0 0.0 0.0
sc 1 0 0 50 44 0 1 1 1 0.0 0.0 0.0
sc 0 0 0 50 46 0 1 1 1 0.0 0.0 0.0
sc 1 0 0 50 48 0 1 1 1 0.0 0.0 0.0
sc 0 0 0 50 50 0 1 1 1 0.0 0.0 0.0
sc 1 0 0 50 52 0 1 1 1 0.0 0.0 0.0
sc 0 0 0 50 54 0 1 1 1 0.0 0.0 0.0
sc 1 0 0 50 56 0 1 1 1 0.0 0.0 0.0
sc 0 0 0 50 58 0 1 1 1 0.0 0.0 0.0
sc 1 0 0 50 60 0 1 1 1 0.0 0.0 0.0
sc 0 0 0 50 62 0 1 1 1 0.0 0.0 0.0
sc 0 0 0 52 0 0 1 1 1 0.0 0.0 0.0
sc 1 0 0 52 2 0 1 1 1 0.0 0.0 0.0
sc 0 0 0 52 4 0 1 1 1 0.0 0.0 0.0
sc 1 0 0 52 6 0 1 1 1 0.0 0.0 0.0
sc 0 0 0 52 8 0 1 1 1 0.0 0.0 0.0
sc 1 0 0 52 10 0 1 1 1 0.0 0.0 0.0
sc 0 0 0 52 12 0 1 1 1 0.0 0.0 0.0
sc 1 0 0 52 14 0 1 1 1 0.0 0.0 0.0
sc 0 0 0 52 16 0 1 1 1 0.0 0.0 0.0
sc 1 0 0 52 18 0 1 1 1 0.0 0.0 0.0
sc 0 0 0 52 20 0 1 1 1 0.0 0.0 0.0
sc 1 0 0 52 22 0 1 1 1 0.0 0.0 0.0
sc 0 0 0 52 24 0 1 1 1 0.0 0.0 0.0
sc 1 0 0 52 26 0 1 1 1 0.0 0.0 0.0
sc 0 0 0 52 28 0 1 1 1 0.0 0.0 0.0
sc 1 0 0 52 30 0 1 1 1 0.0 0.0 0.0
sc 0 0 0 52 32 0 1 1 1 0.0 0.0 0.0
sc 1 0 0 52 34 0 1 1 1 0.0 0.0 0.0
sc 0 0 0 52 36 0 1 1 1 0.0 0.0 0.0
sc 1 0 0 52 38 0 1 1 1 0.0 0.0 0.0
sc 0 0 0 52 40 0 1 1 1 0.0 0.0 0.0
sc 1 0 0 52 42 0 1 1 1 0.0 0.0 0.0
sc 0 0 0 52 44 0 1 1 1 0.0 0.0 0.0
sc 1 0 0 52 46 0 1 1 1 0.0 0.0 0.0
sc 0 0 0 52 48 0 1 1 1 0.0 0.0 0.0
sc 1 0 0 52 50 0 1 1 1 0.0 0.0 0.0
sc 0 0 0 52 52 0 1 1 1 0.0 0.0 0.0
sc 1 0 0 52 54 0 1 1 1 0.0 0.0 0.0
sc 0 0 0 52 56 0 1 1 1 0.0 0.0 0.0
sc 1 0 0 52 58 0 1 1 1 0.0 0.0 0.0
sc 0 0 0 52 60 0 1 1 1 0.0 0.0 0.0
sc 1 0 0 52 62 0 1 1 1 0.0 0.0 0.0
sc 1 0 0 54 0 0 1 1 1 0.0 0.0 0.0
sc 0 0 0 54 2 0 1 1 1 0.0 0.0 0.0
sc 1 0 0 54 4 0 1 1 1 0.0 0.0 0.0
sc 0 0 0 54 6 0 1 1 1 0.0 0.0 0.0
sc 1 0 0 54 8 0 1 1 1 0.0 0.0 0.0
sc 0 0 0 54 10 0 1 1 1 0.0 0.0 0.0
sc 1 0 0 54 12 0 1 1 1 0.0 0.0 0.0
sc 0 0 0 54 14 0 1 1 1 0.0 0.0 0.0
sc 1 0 0 54 16 0 1 1 1 0.0 0.0 0.0
sc 0 0 0 54 18 0 1 1 1 0.0 0.0 0.0
sc 1 0 0 54 20 0 1 1 1 0.0 0.0 0.0
sc 0 0 0 54 22 0 1 1 1 0.0 0.0 0.0
sc 1 0 0 54 24 0 1 1 1 0.0 0.0 0.0
sc 0 0 0 54 26 0 1 1 1 0.0 0.0 0.0
sc 1 0 0 54 28 0 1 1 1 0.0 0.0 0.0
sc 0 0 0 54 30 0 1 1 1 0.0 0.0 0.0
sc 1 0 0 54 32 0 1 1 1 0.0 0.0 0.0
sc 0 0 0 54 34 0 1 1 1 0.0 0.0 0.0
sc 1 0 0 54 36 0 1 1 1 0.0 0.0 0.0
sc 0 0 0 54 38 0 1 1 1 0.0 0.0 0.0
sc 1 0 0 54 40 0 1 1 1 0.0 0.0 0.0
sc 0 0 0 54 42 0 1 1 1 0.0 0.0 0.0
sc 1 0 0 54 44 0 1 1 1 0.0 0.0 0.0
sc 0 0 0 54 46 0 1 1 1 0.0 0.0 0.0
sc 1 0 0 54 48 0 1 1 1 0.0 0.0 0.0
sc 0 0 0 54 50 0 1 1 1 0.0 0.0 0.0
sc 1 0 0 54 52 0 1 1 1 0.0 0.0 0.0
sc 0 0 0 54 54 0 1 1 1 0.0 0.0 0.0
sc 1 0 0 54 56 0 1 1 1 0.0 0.0 0.0
sc 0 0 0 54 58 0 1 1 1 0.0 0.0 0.0
sc 1 0 0 54 60 0 1 1 1 0.0 0.0 0.0
sc 0 0 0 54 62 0 1 1 1 0.0 0.0 0.0
sc 0 0 0 56 0 0 1 1 1 0.0 0.0 0.0
sc 1 0 0 56 2 0 1 1 1 0.0 0.0 0.0
sc 0 0 0 56 4 0 1 1 1 0.0 0.0 0.0
sc 1 0 0 56 6 0 1 1 1 0.0 0.0 0.0
sc 0 0 0 56 8 0 1 1 1 0.0 0.0 0.0
sc 1 0 0 56 10 0 1 1 1 0.0 0.0 0.0
sc 0 0 0 56 12 0 1 1 1 0.0 0.0 0.0
sc 1 0 0 56 14 0 1 1 1 0.0 0.0 0.0
sc 0 0 0 56 16 0 1 1 1 0.0 0.0 0.0
sc 1 0 0 56 18 0 1 1 1 0.0 0.0 0.0
sc 0 0 0 56 20 0 1 1 1 0.0 0.0 0.0
sc 1 0 0 56 22 0 1 1 1 0.0 0.0 0.0
sc 0 0 0 56 24 0 1 1 1 0.0 0.0 0.0
sc 1 0 0 56 26 0 1 1 1 0.0 0.0 0.0
sc 0 0 0 56 28 0 1 1 1 0.0 0.0 0.0
sc 1 0 0 56 30 0 1 1 1 0.0 0.0 0.0
sc 0 0 0 56 32 0 1 1 1 0.0 0.0 0.0
sc 1 0 0 56 34 0 1 1 1 0.0 0.0 0.0
sc 0 0 0 56 36 0 1 1 1 0.0 0.0 0.0
sc 1 0 0 56 38 0 1 1 1 0.0 0.0 0.0
sc 0 0 0 56 40 0 1 1 1 0.0 0.0 0.0
sc 1 0 0 56 42 0 1 1 1 0.0 0.0 0.0
sc 0 0 0 56 44 0 1 1 1 0.0 0.0 0.0
sc 1 0 0 56 46 0 1 1 1 0.0 0.0 0.0
sc 0 0 0 56 48 0 1 1 1 0.0 0.0 0.0
sc 1 0 0 56 50 0 1 1 1 0.0 0.0 0.0
sc 0 0 0 56 52 0 1 1 1 0.0 0.0 0.0
sc 1 0 0 56 54 0 1 1 1 0.0 0.0 0.0
sc 0 0 0 56 56 0 1 1 1 0.0 0.0 0.0
sc 1 0 0 56 58 0 1 1 1 0.0 0.0 0.0
sc 0 0 0 56 60 0 1 1 1 0.0 0.0 0.0
sc 1 0 0 56 62 0 1 1 1 0.0 0.0 0.0
sc 1 0 0 58 0 0 1 1 1 0.0 0.0 0.0
sc 0 0 0 58 2 0 1 1 1 0.0 0.0 0.0
sc 1 0 0 58 4 0 1 1 1 0.0 0.0 0.0
sc 0 0 0 58 6 0 1 1 1 0.0 0.0 0.0
sc 1 0 0 58 8 0 1 1 1 0.0 0.0 0.0
sc 0 0 0 58 10 0 1 1 1 0.0 0.0 0.0
sc 1 0 0 58 12 0 1 1 1 0.0 0.0 0.0
sc 0 0 0 58 14 0 1 1 1 0.0 0.0 0.0
sc 1 0 0 58 16 0 1 1 1 0.0 0.0 0.0
sc 0 0 0 58 18 0 1 1 1 0.0 0.0 0.0
sc 1 0 0 58 20 0 1 1 1 0.0 0.0 0.0
sc 0 0 0 58 22 0 1 1 1 0.0 0.0 0.0
sc 1 0 0 58 24 0 1 1 1 0.0 0.0 0.0
sc 0 0 0 58 26 0 1 1 1 0.0 0.0 0.0
sc 1 0 0 58 28 0 1 1 1 0.0 0.0 0.0
sc 0 0 0 58 30 0 1 1 1 0.0 0.0 0.0
sc 1 0 0 58 32 0 1 1 1 0.0 0.0 0.0
sc 0 0 0 58 34 0 1 1 1 0.0 0.0 0.0
sc 1 0 0 58 36 0 1 1 1 0.0 0.0 0.0
sc 0 0 0 58 38 0 1 1 1 0.0 0.0 0.0
sc 1 0 0 58 40 0 1 1 1 0.0 0.0 0.0
sc 0 0 0 58 42 0 1 1 1 0.0 0.0 0.0
sc 1 0 0 58 44 0 1 1 1 0.0 0.0 0.0
sc 0 0 0 58 46 0 1 1 1 0.0 0.0 0.0
sc 1 0 0 58 48 0 1 1 1 0.0 0.0 0.0
sc 0 0 0 58 50 0 1 1 1 0.0 0.0 0.0
sc 1 0 0 58 52 0 1 1 1 0.0 0.0 0.0
sc 0 0 0 58 54 0 1 1 1 0.0 0.0 0.0
sc 1 0 0 58 56 0 1 1 1 0.0 0.0 0.0
sc 0 0 0 58 58 0 1 1 1 0.0 0.0 0.0
sc 1 0 0 58 60 0 1 1 1 0.0 0.0 0.0
sc 0 0 0 58 62 0 1 1 1 0.0 0.0 0.0
sc 0 0 0 60 0 0 1 1 1 0.0 0.0 0.0
sc 1 0 0 60 2 0 1 1 1 0.0 0.0 0.0
sc 0 0 0 60 4 0 1 1 1 0.0 0.0 0.0
sc 1 0 0 60 6 0 1 1 1 0.0 0.0 0.0
sc 0 0 0 60 8 0 1 1 1 0.0 0.0 0.0
sc 1 0 0 60 10 0 1 1 1 0.0 0.0 0.0
sc 0 0 0 60 12 0 1 1 1 0.0 0.0 0.0
sc 1 0 0 60 14 0 1 1 1 0.0 0.0 0.0
sc 0 0 0 60 16 0 1 1 1 0.0 0.0 0.0
sc 1 0 0 60 18 0 1 1 1 0.0 0.0 0.0
sc 0 0 0 60 20 0 1 1 1 0.0 0.0 0.0
sc 1 0 0 60 22 0 1 1 1 0.0 0.0 0.0
sc 0 0 0 60 24 0 1 1 1 0.0 0.0 0.0
sc 1 0 0 60 26 0 1 1 1 0.0 0.0 0.0
sc 0 0 0 60 28 0 1 1 1 0.0 0.0 0.0
sc 1 0 0 60 30 0 1 1 1 0.0 0.0 0.0
sc 0 0 0 60 32 0 1 1 1 0.0 0.0 0.0
sc 1 0 0 60 34 0 1 1 1 0.0 0.0 0.0
sc 0 0 0 60 36 0 1 1 1 0.0 0.0 0.0
sc 1 0 0 60 38 0 1 1 1 0.0 0.0 0.0
sc 0 0 0 60 40 0 1 1 1 0.0 0.0 0.0
sc 1 0 0 60 42 0 1 1 1 0.0 0.0 0.0
sc 0 0 0 60 44 0 1 1 1 0.0 0.0 0.0
sc 1 0 0 60 46 0 1 1 1 0.0 0.0 0.0
sc 0 0 0 60 48 0 1 1 1 0.0 0.0 0.0
sc 1 0 0 60 50 0 1 1 1 0.0 0.0 0.0
sc 0 0 0 60 52 0 1 1 1 0.0 0.0 0.0
sc 1 0 0 60 54 0 1 1 1 0.0 0.0 0.0
sc 0 0 0 60 56 0 1 1 1 0.0 0.0 0.0
sc 1 0 0 60 58 0 1 1 1 0.0 0.0 0.0
sc 0 0 0 60 60 0 1 1 1 0.0 0.0 0.0
sc 1 0 0 60 62 0 1 1 1 0.0 0.0 0.0
sc 1 0 0 62 0 0 1 1 1 0.0 0.0 0.0
sc 0 0 0 62 2 0 1 1 1 0.0 0.0 0.0
sc 1 0 0 62 4 0 1 1 1 0.0 0.0 0.0
sc 0 0 0 62 6 0 1 1 1 0.0 0.0 0.0
sc 1 0 0 62 8 0 1 1 1 0.0 0.0 0.0
sc 0 0 0 62 10 0 1 1 1 0.0 0.0 0.0
sc 1 0 0 62 12 0 1 1 1 0.0 0.0 0.0
sc 0 0 0 62 14 0 1 1 1 0.0 0.0 0.0
sc 1 0 0 62 16 0 1 1 1 0.0 0.0 0.0
sc 0 0 0 62 18 0 1 1 1 0.0 0.0 0.0
sc 1 0 0 62 20 0 1 1 1 0.0 0.0 0.0
sc 0 0 0 62 22 0 1 1 1 0.0 0.0 0.0
sc 1 0 0 62 24 0 1 1 1 0.0 0.0 0.0
sc 0 0 0 62 26 0 1 1 1 0.0 0.0 0.0
sc 1 0 0 62 28 0 1 1 1 0.0 0.0 0.0
sc 0 0 0 62 30 0 1 1 1 0.0 0.0 0.0
sc 1 0 0 62 32 0 1 1 1 0.0 0.0 0.0
sc 0 0 0 62 34 0 1 1 1 0.0 0.0 0.0
sc 1 0 0 62 36 0 1 1 1 0.0 0.0 0.0
sc 0 0 0 62 38 0 1 1 1 0.0 0.0 0.0
sc 1 0 0 62 40 0 1 1 1 0.0 0.0 0.0
sc 0 0 0 62 42 0 1 1 1 0.0 0.0 0.0
sc 1 0 0 62 44 0 1 1 1 0.0 0.0 0.0
sc 0 0 0 62 46 0 1 1 1 0.0 0.0 0.0
sc 1 0 0 62 48 0 1 1 1 0.0 0.0 0.0
sc 0 0 0 62 50 0 1 1 1 0.0 0.0 0.0
sc 1 0 0 62 52 0 1 1 1 0.0 0.0 0.0
sc 0 0 0 62 54 0 1 1 1 0.0 0.0 0.0
sc 1 0 0 62 56 0 1 1 1 0.0 0.0 0.0
sc 0 0 0 62 58 0 1 1 1 0.0 0.0 0.0
sc 1 0 0 62 60 0 1 1 1 0.0 0.0 0.0
sc 0 0 0 62 62 0 1 1 1 0.0 0.0 0.0
sc 2 0 0 0 63.5 0 1 0.5 1 0.0 0.0 0.0
sc 2 0 0 0 -1.5 0 1 0.5 1 0.0 0.0 0.0
sc 2 0 0 2 63.5 0 1 0.5 1 0.0 0.0 0.0
sc 2 0 0 2 -1.5 0 1 0.5 1 0.0 0.0 0.0
sc 2 0 0 4 63.5 0 1 0.5 1 0.0 0.0 0.0
sc 2 0 0 4 -1.5 0 1 0.5 1 0.0 0.0 0.0
sc 2 0 0 6 63.5 0 1 0.5 1 0.0 0.0 0.0
sc 2 0 0 6 -1.5 0 1 0.5 1 0.0 0.0 0.0
sc 2 0 0 8 63.5 0 1 0.5 1 0.0 0.0 0.0
sc 2 0 0 8 -1.5 0 1 0.5 1 0.0 0.0 0.0
sc 2 0 0 10 63.5 0 1 0.5 1 0.0 0.0 0.0
sc 2 0 0 10 -1.5 0 1 0.5 1 0.0 0.0 0.0
sc 2 0 0 12 63.5 0 1 0.5 1 0.0 0.0 0.0
sc 2 0 0 12 -1.5 0 1 0.5 1 0.0 0.0 0.0
sc 2 0 0 14 63.5 0 1 0.5 1 0.0 0.0 0.0
sc 2 0 0 14 -1.5 0 1 0.5 1 0.0 0.0 0.0
sc 2 0 0 16 63.5 0 1 0.5 1 0.0 0.0 0.0
sc 2 0 0 16 -1.5 0 1 0.5 1 0.0 0.0 0.0
sc 2 0 0 18 63.5 0 1 0.5 1 0.0 0.0 0.0
sc 2 0 0 18 -1.5 0 1 0.5 1 0.0 0.0 0.0
sc 2 0 0 20 63.5 0 1 0.5 1 0.0 0.0 0.0
sc 2 0 0 20 -1.5 0 1 0.5 1 0.0 0.0 0.0
sc 2 0 0 22 63.5 0 1 0.5 1 0.0 0.0 0.0
sc 2 0 0 22 -1.5 0 1 0.5 1 0.0 0.0 0.0
sc 2 0 0 24 63.5 0 1 0.5 1 0.0 0.0 0.0
sc 2 0 0 24 -1.5 0 1 0.5 1 0.0 0.0 0.0
sc 2 0 0 26 63.5 0 1 0.5 1 0.0 0.0 0.0
sc 2 0 0 26 -1.5 0 1 0.5 1 0.0 0.0 0.0
sc 2 0 0 28 63.5 0 1 0.5 1 0.0 0.0 0.0
sc 2 0 0 28 -1.5 0 1 0.5 1 0.0 0.0 0.0
sc 2 0 0 30 63.5 0 1 0.5 1 0.0 0.0 0.0
sc 2 0 0 30 -1.5 0 1 0.5 1 0.0 0.0 0.0
sc 2 0 0 32 63.5 0 1 0.5 1 0.0 0.0 0.0
sc 2 0 0 32 -1.5 0 1 0.5 1 0.0 0.0 0.0
sc 2 0 0 34 63.5 0 1 0.5 1 0.0 0.0 0.0
sc 2 0 0 34 -1.5 0 1 0.5 1 0.0 0.0 0.0
sc 2 0 0 36 63.5 0 1 0.5 1 0.0 0.0 0.0
sc 2 0 0 36 -1.5 0 1 0.5 1 0.0 0.0 0.0
sc 2 0 0 38 63.5 0 1 0.5 1 0.0 0.0 0.0
sc 2 0 0 38 -1.5 0 1 0.5 1 0.0 0.0 0.0
sc 2 0 0 40 63.5 0 1 0.5 1 0.0 0.0 0.0
sc 2 0 0 40 -1.5 0 1 0.5 1 0.0 0.0 0.0
sc 2 0 0 42 63.5 0 1 0.5 1 0.0 0.0 0.0
sc 2 0 0 42 -1.5 0 1 0.5 1 0.0 0.0 0.0
sc 2 0 0 44 63.5 0 1 0.5 1 0.0 0.0 0.0
sc 2 0 0 44 -1.5 0 1 0.5 1 0.0 0.0 0.0
sc 2 0 0 46 63.5 0 1 0.5 1 0.0 0.0 0.0
sc 2 0 0 46 -1.5 0 1 0.5 1 0.0 0.0 0.0
sc 2 0 0 48 63.5 0 1 0.5 1 0.0 0.0 0.0
sc 2 0 0 48 -1.5 0 1 0.5 1 0.0 0.0 0.0
sc 2 0 0 50 63.5 0 1 0.5 1 0.0 0.0 0.0
sc 2 0 0 50 -1.5 0 1 0.5 1 0.0 0.0 0.0
sc 2 0 0 52 63.5 0 1 0.5 1 0.0 0.0 0.0
sc 2 0 0 52 -1.5 0 1 0.5 1 0.0 0.0 0.0
sc 2 0 0 54 63.5 0 1 0.5 1 0.0 0.0 0.0
sc 2 0 0 54 -1.5 0 1 0.5 1 0.0 0.0 0.0
sc 2 0 0 56 63.5 0 1 0.5 1 0.0 0.0 0.0
sc 2 0 0 56 -1.5 0 1 0.5 1 0.0 0.0 0.0
sc 2 0 0 58 63.5 0 1 0.5 1 0.0 0.0 0.0
sc 2 0 0 58 -1.5 0 1 0.5 1 0.0 0.0 0.0
sc 2 0 0 60 63.5 0 1 0.5 1 0.0 0.0 0.0
sc 2 0 0 60 -1.5 0 1 0.5 1 0.0 0.0 0.0
sc 2 0 0 62 63.5 0 1 0.5 1 0.0 0.0 0.0
sc 2 0 0 62 -1.5 0 1 0.5 1 0.0 0.0 0.0
sc 2 0 0 63.5 0 0 0.5 1 1 0.0 0.0 0.0
sc 2 0 0 -1.5 0 0 0.5 1 1 0.0 0.0 0.0
sc 2 0 0 63.5 2 0 0.5 1 1 0.0 0.0 0.0
sc 2 0 0 -1.5 2 0 0.5 1 1 0.0 0.0 0.0
sc 2 0 0 63.5 4 0 0.5 1 1 0.0 0.0 0.0
sc 2 0 0 -1.5 4 0 0.5 1 1 0.0 0.0 0.0
sc 2 0 0 63.5 6 0 0.5 1 1 0.0 0.0 0.0
sc 2 0 0 -1.5 6 0 0.5 1 1 0.0 0.0 0.0
sc 2 0 0 63.5 8 0 0.5 1 1 0.0 0.0 0.0
sc 2 0 0 -1.5 8 0 0.5 1 1 0.0 0.0 0.0
sc 2 0 0 63.5 10 0 0.5 1 1 0.0 0.0 0.0
sc 2 0 0 -1.5 10 0 0.5 1 1 0.0 0.0 0.0
sc 2 0 0 63.5 12 0 0.5 1 1 0.0 0.0 0.0
sc 2 0 0 -1.5 12 0 0.5 1 1 0.0 0.0 0.0
sc 2 0 0 63.5 14 0 0.5 1 1 0.0 0.0 0.0
sc 2 0 0 -1.5 14 0 0.5 1 1 0.0 0.0 0.0
sc 2 0 0 63.5 16 0 0.5 1 1 0.0 0.0 0.0
sc 2 0 0 -1.5 16 0 0.5 1 1 0.0 0.0 0.0
sc 2 0 0 63.5 18 0 0.5 1 1 0.0 0.0 0.0
sc 2 0 0 -1.5 18 0 0.5 1 1 0.0 0.0 0.0
sc 2 0 0 63.5 20 0 0.5 1 1 0.0 0.0 0.0
sc 2 0 0 -1.5 20 0 0.5 1 1 0.0 0.0 0.0
sc 2 0 0 63.5 22 0 0.5 1 1 0.0 0.0 0.0
sc 2 0 0 -1.5 22 0 0.5 1 1 0.0 0.0 0.0
sc 2 0 0 63.5 24 0 0.5 1 1 0.0 0.0 0.0
sc 2 0 0 -1.5 24 0 0.5 1 1 0.0 0.0 0.0
sc 2 0 0 63.5 26 0 0.5 1 1 0.0 0.0 0.0
sc 2 0 0 -1.5 26 0 0.5 1 1 0.0 0.0 0.0
sc 2 0 0 63.5 28 0 0.5 1 1 0.0 0.0 0.0
sc 2 0 0 -1.5 28 0 0.5 1 1 0.0 0.0 0.0
sc 2 0 0 63.5 30 0 0.5 1 1 0.0 0.0 0.0
sc 2 0 0 -1.5 30 0 0.5 1 1 0.0 0.0 0.0
sc 2 0 0 63.5 32 0 0.5 1 1 0.0 0.0 0.0
sc 2 0 0 -1.5 32 0 0.5 1 1 0.0 0.0 0.0
sc 2 0 0 63.5 34 0 0.5 1 1 0.0 0.0 0.0
sc 2 0 0 -1.5 34 0 0.5 1 1 0.0 0.0 0.0
sc 2 0 0 63.5 36 0 0.5 1 1 0.0 0.0 0.0
sc 2 0 0 -1.5 36 0 0.5 1 1 0.0 0.0 0.0
sc 2 0 0 63.5 38 0 0.5 1 1 0.0 0.0 0.0
sc 2 0 0 -1.5 38 0 0.5 1 1 0.0 0.0 0.0
sc 2 0 0 63.5 40 0 0.5 1 1 0.0 0.0 0.0
sc 2 0 0 -1.5 40 0 0.5 1 1 0.0 0.0 0.0
sc 2 0 0 63.5 42 0 0.5 1 1 0.0 0.0 0.0
sc 2 0 0 -1.5 42 0 0.5 1 1 0.0 0.0 0.0
sc 2 0 0 63.5 44 0 0.5 1 1 0.0 0.0 0.0
sc 2 0 0 -1.5 44 0 0.5 1 1 0.0 0.0 0.0
sc 2 0 0 63.5 46 0 0.5 1 1 0.0 0.0 0.0
sc 2 0 0 -1.5 46 0 0.5 1 1 0.0 0.0 0.0
sc 2 0 0 63.5 48 0 0.5 1 1 0.0 0.0 0.0
sc 2 0 0 -1.5 48 0 0.5 1 1 0.0 0.0 0.0
sc 2 0 0 63.5 50 0 0.5 1 1 0.0 0.0 0.0
sc 2 0 0 -1.5 50 0 0.5 1 1 0.0 0.0 0.0
sc 2 0 0 63.5 52 0 0.5 1 1 0.0 0.0 0.0
sc 2 0 0 -1.5 52 0 0.5 1 1 0.0 0.0 0.0
sc 2 0 0 63.5 54 0 0.5 1 1 0.0 0.0 0.0
sc 2 0 0 -1.5 54 0 0.5 1 1 0.0 0.0 0.0
sc 2 0 0 63.5 56 0 0.5 1 1 0.0 0.0 0.0
sc 2 0 0 -1.5 56 0 0.5 1 1 0.0 0.0 0.0
sc 2 0 0 63.5 58 0 0.5 1 1 0.0 0.0 0.0
sc 2 0 0 -1.5 58 0 0.5 1 1 0.0 0.0 0.0
sc 2 0 0 63.5 60 0 0.5 1 1 0.0 0.0 0.0
sc 2 0 0 -1.5 60 0 0.5 1 1 0.0 0.0 0.0
sc 2 0 0 63.5 62 0 0.5 1 1 0.0 0.0 0.0
sc 2 0 0 -1.5 62 0 0.5 1 1 0.0 0.0 0.0
sc 2 0 0 -1.5 -1.5 0 0.5 0.5 1 0.0 0.0 0.0
sc 2 0 0 -1.5 63.5 0 0.5 0.5 1 0.0 0.0 0.0
sc 2 0 0 63.5 -1.5 0 0.5 0.5 1 0.0 0.0 0.0
sc 2 0 0 63.5 63.5 0 0.5 0.5 1 0.0 0.0 0.0
sc 3 0 0 25 -2 0 50 0.01 150 0.0 0.0 0.0
sc 4 0 0 32 0.0 -120 1.5 1.5 1.5 0.0 0.0 0.0
